10 10  
  2        1815           1           0           0           0           0           0           0           0
     1673976           2        1325           1           0           0           0           0           0           0
           3     2311186           3        1246           1           0           0           0           0           0
           0           3     3593759           3        1343           1           0           0           0           0
           0           0           3     3413814           3        1376           0           0           0           0
           0           0           0           3     1093447           2        1547           1           0           0
           0           0           0           0           3     5319241           3        1562           0           0
           0           0           0           0           0           3     1762981           2        1396           0
           0           0           0           0           0           0           2     2172118           2        1398
           0           0           0           0           0           0           0           2     6049130           2
1.0001
1.0001
1.0001
1.0001
1.0001
1.0001
1.0001
1.0001
1.0001
1.0001